0.10547381772580078    -0.08973744617559021
0.2787784721400888    -0.12492216687422797
0.4521158870019546    -0.12492216687422797
0.6254533018638204    -0.12492216687422797
0.7987907167256862    -0.12492216687422797
0.9721281315875521    -0.12492216687422797
1.145465546449418    -0.12492216687422797
1.3065977221008458    -0.07021084725384696
1.4923611232727971    0.11216021814745147
1.665698538134663    0.11216021814745147
1.8536731837577873    -0.03373663417357875
2.012152620758747    -0.12492216687422797
2.185490035620612    -0.12492216687422797
2.34891170525741    -0.0855684106560517
2.532385612443991    0.11216021814745147
2.705723027305857    0.11216021814745147
2.879060442167723    0.11216021814745147
3.045894307863043    0.1790296087945933
3.2258371551682155    0.2215828573882277
3.40604829510219    -0.011852106325434875
3.5722402961539164    -0.07021084725384696
3.7455746236437584    -0.07352668480659474
3.918921300621694    -0.06357917214833719
4.092286501831767    -0.03373663417357875
4.265634722495713    -0.02213120273896152
4.439024622681972    0.034238035657807586
4.612460833448578    0.14034483734583603
4.785961879027665    0.3160842276416247
4.959523128361202    0.5564824502160661
5.133002444721955    0.7088846600215533
5.306519155038616    0.9014479784719072
5.424303610613952    0.4716917470814366
5.4923105181632685    1.1138501810738433
5.653474825353159    1.2030707730024943
5.75553099494695    0.8051702666723912
5.83408639743852    1.3996999398806054
6.0004398680470565    1.5147595029610699
6.173925476766028    1.6739197054931054
6.347324639068356    1.740236456548132
6.52077165563704    1.8579486896707778
6.694138400533124    1.88944914642191
6.867662601402385    2.0900573183633355
7.041199151759736    2.3039288405157663
7.214613750922178    2.386824779334532
7.388108621757219    2.555932494524839
7.561618929452374    2.7416193974788854
7.7351400429496096    2.938911731867563
7.908568535286156    3.036728939673708
8.082020182912874    3.1594149291254894
8.255584519618434    3.4031289892526786
8.429239933798673    3.7446602571860126
8.60660997108464    4.046164628946855
8.617941655533226    3.321890969210287
8.759963169882669    3.5366835573495905
8.783637824638053    4.423412204234111
8.953964022653443    4.775648890552048
8.975795344790399    4.045296195302086
9.114522836377278    4.193905232698327
9.12937532821559    5.109127410142989
9.276013577304436    4.489065787778586
9.307387372520198    5.364227507941905
9.470978520890734    5.585601424196312
9.644727787505031    6.027930206307616
9.818463179322439    6.455357456559838
9.992243632069613    6.931180145379585
10.011068111137126    5.9936270773392835
10.165892871505806    7.266079738207424
10.191302457817473    6.34925065487181
10.339548285686044    7.607611006140758
10.386058001527214    6.786941211834922
10.513345498452772    8.101433955961156
10.559819930042249    7.242868875338161
10.687056705856    8.50288714538349
10.76137052229371    7.92676037059303
10.850752478416467    9.027500015336564
10.872599702969639    8.448544252157852
11.026096583311816    9.415890262312082
11.027404738461506    8.759588235925612
11.205861787980586    9.624113929292236
11.211529045250387    9.062020252716103
11.367676689399298    9.337530826518773
11.388476241209698    10.118252673165273
11.528426128931677    9.518454502512128
11.569246473948695    10.219808325271096
11.649410633357427    9.704878258255675
11.732564367740121    10.160805921758914
11.740230431218421    10.908527289904228
11.888458516593285    10.466277456306088
11.915171274059844    11.184110233177307
12.08038498002869    11.592853001981481
12.082136078633077    10.733451067118985
12.250239471704273    11.881725611636611
12.304621986204207    11.054424142225265
12.424030730253527    12.369153731890982
12.470420038585797    11.419166273027862
12.597891454673299    12.93118819708225
12.644244229103297    11.941963327178243
12.7714079371125    13.123506775141799
12.86845083201527    14.110963198351001
12.951680251117846    13.31843065413566
13.046893597898496    14.317793441935535
13.132345984529557    13.935886975565758
13.19857055547703    14.947217429154769
13.23306542004918    14.385735603555624
13.370146404073175    15.473014526805258
13.387378791546375    14.638844536748941
13.49808948239517    15.07388242366985
13.552733237316232    15.863261182543674
13.648054873568174    15.358381285695877
13.711114961700883    16.799112702366124
13.72619934684348    16.07570747627431
13.878943990311633    16.39623843970689
13.892889443914932    17.11643835616438
14.058175815839896    17.495770172199073
14.066930985422847    16.74440138274573
14.203918711209386    17.194250010735594
14.229298967486834    17.857733315338407
14.392145234933388    17.671454298535657
14.412907186963078    18.411793980700445
14.562346137100842    18.02099884055481
14.587837538771126    18.833157985141916
14.754317077070592    19.14002769785717
14.920618679829143    19.707102236128613
14.975008140916131    18.88726140121097
15.088930624880497    20.233159863872544
15.220139304801897    19.83559094129771
15.223468704738892    20.993647206595945
15.283764467775157    20.47287649761669
15.39128339912239    21.24086131747326
15.527662873038693    20.748147695478814
15.552599101888521    21.492680758284955
15.713406536139935    21.053969943613303
15.737662355693914    21.777842787821527
15.87046875063724    21.019179155752134
15.903441736825648    21.939371445748385
16.044118607547837    21.354741916090518
16.077131700169    22.318008514867273
16.23067707562399    22.014925172843213
16.254422053853233    22.900253799427688
16.42457350213766    23.492130802593714
16.46759531536645    22.604591617640743
16.594968450111217    24.011059379599224
16.677087143023186    23.35535250354274
16.770907244369628    24.59745804246071
16.889482644067602    24.4039861296002
16.95279677448844    25.039066545585897
17.023832725022448    25.781900845965552
17.122414983615908    25.22587173100871
17.210560715550766    26.177544740627823
17.305494703808893    25.534686735088243
17.35146104217401    26.245933890153296
17.38455839064786    26.957181045218356
17.524529598388863    26.662347822819584
17.54604112024044    27.41731727176932
17.701899892955836    28.17298814789367
17.70947262071973    27.398710993032026
17.8796696657554    27.725945228602292
17.889074835716134    28.528177508603818
18.05473243472333    28.86295867866191
18.054791866634776    28.080586808090345
18.209267290859046    28.695785202044057
18.231327701416557    29.377916976492415
18.3862076688718    29.231845606405436
18.41162559108794    29.965087817237077
18.49907427160429    29.674509919697677
18.577582128566704    30.217975694593534
18.747982394107105    30.64976090277223
18.771034698370322    29.820406772018714
18.918093946258036    31.21471646295045
18.972211718606996    30.103081923390725
19.089579231941507    31.643248992386916
19.16241081577272    31.288493848499158
19.23429795780032    32.33712747455662
19.302053166937075    31.768737654055904
19.406214001065813    32.80163730584345
19.502064189673042    32.20946772877571
19.561684193319916    33.75260751294052
19.575301285117714    33.01554783784944
19.64808839609003    32.49214288014772
19.73023421377049    34.283287272481886
19.765079787217843    33.48887089528326
19.909200213174852    34.65604571385157
19.94380743697841    33.89700798728904
19.993481194581193    35.34625005367801
20.048832923369794    34.35102509677379
